# Motion Script
# Created by Gustavo Garcia on Wed Nov  2 19:24:37 2011
#
# Go half sitting position
I 0.0 -0.0144862327916 -0.41591196075 0.696037305695 -0.278554548618 -0.000698131700798 0.0 0.0188495559215 -0.416086493675 0.696386371546 -0.279601746169 -0.0176278254451 0.13962634016 0.0 0.0 0.0 -0.0523598775598 -0.174532925199 0.0 -0.523598775598 0.0 0.0 0.0 0.0 0.0 0.0 0.0 0.0 0.0 0.0 0.0 0.0 0.0 -0.0523598775598 0.174532925199 0.0 -0.523598775598 0.0 0.0 0.0 0.0 0.0 0.0 0.0 0.0 0.0 0.0 0.0 0.0 0.0
# Turns to the goal
W 0.0 0.508251374529
# Walks to the goal
W 2.10623479223 0.0
# Aligns the body to the objects for manipulation
W 0.1 -0.508251374529
# Prepares left arm for manipulation
M 0.0 -0.0144862327916 -0.41591196075 0.696037305695 -0.278554548618 -0.000698131700798 0.0 0.0188495559215 -0.416086493675 0.696386371546 -0.279601746169 -0.0176278254451 0.13962634016 0.0 0.0 0.0 -0.0523598775598 -0.174532925199 0.0 -0.523598775598 0.0 0.0 0.0 0.0 0.0 0.0 0.0 0.0 0.0 0.0 0.0 0.0 0.0 0.412522414437 0.165275850474 0.0 -1.8754862127 0.145118023229 -0.251050435489 0.0509862811574 -2.28983498829e-16 0.0 0.0 0.0 0.0 0.0 0.0 0.0 0.0 0.0
# Prepares the thumb for grasping
M 0.0 -0.0144862327916 -0.41591196075 0.696037305695 -0.278554548618 -0.000698131700798 0.0 0.0188495559215 -0.416086493675 0.696386371546 -0.279601746169 -0.0176278254451 0.13962634016 0.0 0.0 0.0 -0.0523598775598 -0.174532925199 0.0 -0.523598775598 0.0 0.0 0.0 0.0 0.0 0.0 0.0 0.0 0.0 0.0 0.0 0.0 0.0 0.412522414437 0.165275850474 0.0 -1.8754862127 0.145118023229 -0.251050435489 0.0509862811574 -1.3962634016 0.0 0.0 0.0 0.0 0.0 0.0 0.0 0.0 0.0
# Approaches to the bottle
M 0.0 -0.0144862327916 -0.41591196075 0.696037305695 -0.278554548618 -0.000698131700798 0.0 0.0188495559215 -0.416086493675 0.696386371546 -0.279601746169 -0.0176278254451 0.13962634016 0.0 0.0 0.0 -0.0523598775598 -0.174532925199 0.0 -0.523598775598 0.0 0.0 0.0 0.0 0.0 0.0 0.0 0.0 0.0 0.0 0.0 0.0 0.0 -0.495239049049 0.0789182781227 0.0 -1.07952224408 0.0746444037576 -0.134272318767 -0.0375276504825 -1.3962634016 0.0 0.0 0.0 0.0 0.0 0.0 0.0 0.0 0.0
# Grasps to the bottle
M 0.0 -0.0144862327916 -0.41591196075 0.696037305695 -0.278554548618 -0.000698131700798 0.0 0.0188495559215 -0.416086493675 0.696386371546 -0.279601746169 -0.0176278254451 0.13962634016 0.0 0.0 0.0 -0.0523598775598 -0.174532925199 0.0 -0.523598775598 0.0 0.0 0.0 0.0 0.0 0.0 0.0 0.0 0.0 0.0 0.0 0.0 0.0 -0.495239049049 0.0789182781227 0.0 -1.07952224408 0.0746444037576 -0.134272318767 -0.0375276504825 -1.3962634016 -0.704000010621 0.0 0.0 0.0 0.0 0.0 0.0 0.0 0.0
# Moves to the bottle
M 0.0 -0.0144862327916 -0.41591196075 0.696037305695 -0.278554548618 -0.000698131700798 0.0 0.0188495559215 -0.416086493675 0.696386371546 -0.279601746169 -0.0176278254451 0.13962634016 0.0 0.0 0.0 -0.0523598775598 -0.174532925199 0.0 -0.523598775598 0.0 0.0 0.0 0.0 0.0 0.0 0.0 0.0 0.0 0.0 0.0 0.0 0.0 -0.242902116879 0.178542707092 -0.501782159948 -1.70200357973 0.207796553354 0.133835371869 0.520094310284 -1.3962634016 -0.704000010621 0.0 0.0 0.0 0.0 0.0 0.0 0.0 0.0
# Prepares the right arm for manipulation
M 0.0 -0.0144862327916 -0.41591196075 0.696037305695 -0.278554548618 -0.000698131700798 0.0 0.0188495559215 -0.416086493675 0.696386371546 -0.279601746169 -0.0176278254451 0.13962634016 0.0 0.0 0.0 0.411774543504 -0.152398791072 -0.10035643199 -1.86128069236 -0.187987434356 0.248402450875 0.0530598218821 0.0 0.0 0.0 0.0 0.0 0.0 0.0 0.0 0.0 0.0 -0.242902116879 0.178542707092 -0.501782159948 -1.70200357973 0.207796553354 0.133835371869 0.520094310284 -1.3962634016 -0.704000010621 0.0 0.0 0.0 0.0 0.0 0.0 0.0 0.0
# Prepares the thumb for grasping
M 0.0 -0.0144862327916 -0.41591196075 0.696037305695 -0.278554548618 -0.000698131700798 0.0 0.0188495559215 -0.416086493675 0.696386371546 -0.279601746169 -0.0176278254451 0.13962634016 0.0 0.0 0.0 0.411774543504 -0.152398791072 -0.10035643199 -1.86128069236 -0.187987434356 0.248402450875 0.0530598218821 1.3962634016 0.0 0.0 0.0 0.0 0.0 0.0 0.0 0.0 0.0 -0.242902116879 0.178542707092 -0.501782159948 -1.70200357973 0.207796553354 0.133835371869 0.520094310284 -1.3962634016 -0.704000010621 0.0 0.0 0.0 0.0 0.0 0.0 0.0 0.0
# Approaches to the glass
M 0.0 -0.0144862327916 -0.41591196075 0.696037305695 -0.278554548618 -0.000698131700798 0.0 0.0188495559215 -0.416086493675 0.696386371546 -0.279601746169 -0.0176278254451 0.13962634016 0.0 0.0 0.0 -0.501886222748 -0.0771271149437 -0.10035643199 -1.06542006988 -0.0365320751734 0.136954227063 0.126229850288 1.3962634016 0.0 0.0 0.0 0.0 0.0 0.0 0.0 0.0 0.0 -0.242902116879 0.178542707092 -0.501782159948 -1.70200357973 0.207796553354 0.133835371869 0.520094310284 -1.3962634016 -0.704000010621 0.0 0.0 0.0 0.0 0.0 0.0 0.0 0.0
# Grasps the glass
M 0.0 -0.0144862327916 -0.41591196075 0.696037305695 -0.278554548618 -0.000698131700798 0.0 0.0188495559215 -0.416086493675 0.696386371546 -0.279601746169 -0.0176278254451 0.13962634016 0.0 0.0 0.0 -0.501886222748 -0.0771271149437 -0.10035643199 -1.06542006988 -0.0365320751734 0.136954227063 0.126229850288 1.3962634016 0.59600001201 0.0 0.0 0.0 0.0 0.0 0.0 0.0 0.0 -0.242902116879 0.178542707092 -0.501782159948 -1.70200357973 0.207796553354 0.133835371869 0.520094310284 -1.3962634016 -0.704000010621 0.0 0.0 0.0 0.0 0.0 0.0 0.0 0.0
# Moves the glass
M 0.0 -0.0144862327916 -0.41591196075 0.696037305695 -0.278554548618 -0.000698131700798 0.0 0.0188495559215 -0.416086493675 0.696386371546 -0.279601746169 -0.0176278254451 0.13962634016 0.0 0.0 0.0 -0.437774407464 -0.193618678925 0.501782159948 -1.30117125949 -0.308562259833 0.0870046476543 0.106386949022 1.3962634016 0.59600001201 0.0 0.0 0.0 0.0 0.0 0.0 0.0 0.0 -0.242902116879 0.178542707092 -0.501782159948 -1.70200357973 0.207796553354 0.133835371869 0.520094310284 -1.3962634016 -0.704000010621 0.0 0.0 0.0 0.0 0.0 0.0 0.0 0.0
# Pours water into the glass
M 0.0 -0.0144862327916 -0.41591196075 0.696037305695 -0.278554548618 -0.000698131700798 0.0 0.0188495559215 -0.416086493675 0.696386371546 -0.279601746169 -0.0176278254451 0.13962634016 0.0 0.0 0.0 -0.437774407464 -0.193618678925 0.501782159948 -1.30117125949 -0.308562259833 0.0870046476543 0.106386949022 1.3962634016 0.59600001201 -2.06480542442e-16 0.0 -2.06480542442e-16 0.0 -2.06480542442e-16 0.0 -2.06480542442e-16 0.0 -0.441939296817 0.226578262303 -0.702495023928 -1.5950823201 -1.29648556109 0.68786187748 0.689118006861 -1.3962634016 -0.704000010621 0.0 0.0 0.0 0.0 0.0 0.0 0.0 0.0
# Pauses the movement so the water can be poured
P 2.0
# Moves the bottle to vertical position
M 0.0 -0.0144862327916 -0.41591196075 0.696037305695 -0.278554548618 -0.000698131700798 0.0 0.0188495559215 -0.416086493675 0.696386371546 -0.279601746169 -0.0176278254451 0.13962634016 0.0 0.0 0.0 -0.437774407464 -0.193618678925 0.501782159948 -1.30117125949 -0.308562259833 0.0870046476543 0.106386949022 1.3962634016 0.59600001201 -1.28300185549e-16 2.26198019267e-16 -1.28300185549e-16 2.26198019267e-16 -1.28300185549e-16 2.26198019267e-16 -1.28300185549e-16 2.26198019267e-16 -0.346954219078 0.184242371303 -0.301069295969 -1.53931606708 0.235938323395 0.113314859823 0.291579158544 -1.3962634016 -0.704000010621 0.0 0.0 0.0 0.0 0.0 0.0 0.0 0.0
# Moves the bottle to initial position (above the shelf)
M 0.0 -0.0144862327916 -0.41591196075 0.696037305695 -0.278554548618 -0.000698131700798 0.0 0.0188495559215 -0.416086493675 0.696386371546 -0.279601746169 -0.0176278254451 0.13962634016 0.0 0.0 0.0 -0.437774407464 -0.193618678925 0.501782159948 -1.30117125949 -0.308562259833 0.0870046476543 0.106386949022 1.3962634016 0.59600001201 -9.28917633062e-16 0.0 -9.28917633062e-16 0.0 -9.28917633062e-16 0.0 -9.28917633062e-16 0.0 -0.498518349693 0.0365212157287 0.10035643199 -1.07725952303 -0.00118549659263 -0.132873177756 -0.106600709007 -1.3962634016 -0.704000010621 0.0 0.0 0.0 0.0 0.0 0.0 0.0 0.0
# Release the bottle
M 0.0 -0.0144862327916 -0.41591196075 0.696037305695 -0.278554548618 -0.000698131700798 0.0 0.0188495559215 -0.416086493675 0.696386371546 -0.279601746169 -0.0176278254451 0.13962634016 0.0 0.0 0.0 -0.437774407464 -0.193618678925 0.501782159948 -1.30117125949 -0.308562259833 0.0870046476543 0.106386949022 1.3962634016 0.59600001201 -1.39994537067e-15 0.0 -1.39994537067e-15 0.0 -1.39994537067e-15 0.0 -1.39994537067e-15 0.0 -0.498518349693 0.0365212157287 0.10035643199 -1.07725952303 -0.00118549659263 -0.132873177756 -0.106600709007 -1.39646214791 0.174532925199 0.0 0.0 0.0 0.0 0.0 0.0 0.0 0.0
# Withdraws the left arm
M 0.0 -0.0144862327916 -0.41591196075 0.696037305695 -0.278554548618 -0.000698131700798 0.0 0.0188495559215 -0.416086493675 0.696386371546 -0.279601746169 -0.0176278254451 0.13962634016 0.0 0.0 0.0 -0.437774407464 -0.193618678925 0.501782159948 -1.30117125949 -0.308562259833 0.0870046476543 0.106386949022 1.3962634016 0.59600001201 -2.02798235414e-15 -1.17297954403e-16 -2.02798235414e-15 -1.17297954403e-16 -2.02798235414e-15 -1.17297954403e-16 -2.02798235414e-15 -1.17297954403e-16 0.407186726641 0.0596522201357 0.10035643199 -1.8754862127 0.105864526628 -0.23501495717 -0.0797843123467 -1.39646214791 0.174532925199 0.0 0.0 0.0 0.0 0.0 0.0 0.0 0.0
# Returns left arm to initial position
M 0.0 -0.0144862327916 -0.41591196075 0.696037305695 -0.278554548618 -0.000698131700798 0.0 0.0188495559215 -0.416086493675 0.696386371546 -0.279601746169 -0.0176278254451 0.13962634016 0.0 0.0 0.0 -0.437774407464 -0.193618678925 0.501782159948 -1.30117125949 -0.308562259833 0.0870046476543 0.106386949022 1.3962634016 0.59600001201 -3.20555169815e-15 -6.66830314943e-16 -3.20555169815e-15 -6.66830314943e-16 -3.20555169815e-15 -6.66830314943e-16 -3.20555169815e-15 -6.66830314943e-16 -0.0523698775595 0.174522925199 -9.99999974738e-06 -0.523608775598 -9.99999974738e-06 -9.99999974727e-06 -9.99999974734e-06 -0.0872664625997 0.174532925199 0.0 0.0 0.0 0.0 0.0 0.0 0.0 0.0
# Moves the glass for transportation
M 0.0 -0.0144862327916 -0.41591196075 0.696037305695 -0.278554548618 -0.000698131700798 0.0 0.0188495559215 -0.416086493675 0.696386371546 -0.279601746169 -0.0176278254451 0.13962634016 0.0 0.0 0.0 -0.131561651579 -0.106623008104 -0.10035643199 -1.50617083465 -0.10709765633 0.0616184247145 0.106698253288 1.3962634016 0.59600001201 -3.29904350792e-15 -6.39716507373e-16 -3.29904350792e-15 -6.39716507373e-16 -3.29904350792e-15 -6.39716507373e-16 -3.29904350792e-15 -6.39716507373e-16 -0.0523698775595 0.174522925199 -9.99999974738e-06 -0.523608775598 -9.99999974735e-06 -9.99999974745e-06 -9.99999974734e-06 -0.0872664625997 0.174532925199 0.0 0.0 0.0 0.0 0.0 0.0 0.0 0.0
# Turns to the partial goal
W 0.1 2.87987915119
# Walks to the partial goal
W 1.44935330406 0.0
# Turns right to the partial goal
W 0.0 -1.30908282439
# Walks to the goal
W 1.1 0.0
# Turns to final position
W 0.0 -1.57079632679
# Delivers the glass
M 0.0 -0.0144862327916 -0.41591196075 0.696037305695 -0.278554548618 -0.000698131700798 0.0 0.0188495559215 -0.416086493675 0.696386371546 -0.279601746169 -0.0176278254451 0.13962634016 0.0 0.0 1.86055105107e-16 -0.502938326417 -0.0872380711672 -0.10035643199 -1.06175832848 -0.0458807924107 0.138355986894 0.131250321171 1.3962634016 0.59600001201 -3.56108964246e-15 -9.7668873977e-16 -3.56108964246e-15 -9.7668873977e-16 -3.56108964246e-15 -9.7668873977e-16 -3.56108964246e-15 -9.7668873977e-16 -0.0523698775595 0.174522925199 -9.99999974625e-06 -0.523608775598 -9.99999974775e-06 -9.99999974749e-06 -9.99999974727e-06 -0.0872664625997 0.174532925199 -1.71728862669e-16 -3.0420541387e-16 -1.71728862669e-16 -3.0420541387e-16 -1.71728862669e-16 -3.0420541387e-16 -1.71728862669e-16 -3.0420541387e-16
# Pauses the robot before releasing the glass
P 2.0
# Release the glass
M 0.0 -0.0144862327916 -0.41591196075 0.696037305695 -0.278554548618 -0.000698131700798 0.0 0.0188495559215 -0.416086493675 0.696386371546 -0.279601746169 -0.0176278254451 0.13962634016 0.0 0.0 1.46802817036e-16 -0.502938326417 -0.0872380711672 -0.10035643199 -1.06175832848 -0.0458807924107 0.138355986894 0.131250321171 1.41588145519 -0.174532925199 -3.3019260759e-15 -1.05278474785e-15 -3.3019260759e-15 -1.05278474785e-15 -3.3019260759e-15 -1.05278474785e-15 -3.3019260759e-15 -1.05278474785e-15 -0.0523698775595 0.174522925199 -9.99999974625e-06 -0.523608775598 -9.99999974777e-06 -9.99999974749e-06 -9.99999974723e-06 -0.0872664625997 0.174532925199 -1.52102706935e-16 -2.84579258136e-16 -1.52102706935e-16 -2.84579258136e-16 -1.52102706935e-16 -2.84579258136e-16 -1.52102706935e-16 -2.84579258136e-16
# Withdraws the right arm
M 0.0 -0.0144862327916 -0.41591196075 0.696037305695 -0.278554548618 -0.000698131700798 0.0 0.0188495559215 -0.416086493675 0.696386371546 -0.279601746169 -0.0176278254451 0.13962634016 0.0 0.0 0.0 0.411774543504 -0.152398791072 -0.10035643199 -1.86128069236 -0.187987434356 0.248402450875 0.0530598218821 1.41588145519 -0.174532925199 -3.39067712481e-15 -9.49542160297e-16 -3.39067712481e-15 -9.49542160297e-16 -3.39067712481e-15 -9.49542160297e-16 -3.39067712481e-15 -9.49542160297e-16 -0.0523698775595 0.174522925199 -9.99999974625e-06 -0.523608775598 -9.99999974777e-06 -9.9999997473e-06 -9.99999974711e-06 -0.0872664625997 0.174532925199 -2.20794252002e-16 -3.38551186404e-16 -2.20794252002e-16 -3.38551186404e-16 -2.20794252002e-16 -3.38551186404e-16 -2.20794252002e-16 -3.38551186404e-16
# Returns right arm to initial position
M 0.0 -0.0144862327916 -0.41591196075 0.696037305695 -0.278554548618 -0.000698131700798 0.0 0.0188495559215 -0.416086493675 0.696386371546 -0.279601746169 -0.0176278254451 0.13962634016 0.0 0.0 0.0 -0.0523698775595 -0.174542925199 -9.99999974737e-06 -0.523608775598 -9.99999974737e-06 -9.99999974731e-06 -9.99999974737e-06 0.0872664625997 -0.174532925199 -3.33174277372e-15 -9.81307786677e-16 -3.33174277372e-15 -9.81307786677e-16 -3.33174277372e-15 -9.81307786677e-16 -3.33174277372e-15 -9.81307786677e-16 -0.0523698775595 0.174522925199 -9.99999974625e-06 -0.523608775598 -9.99999974786e-06 -9.99999974747e-06 -9.99999974709e-06 -0.0872664625997 0.174532925199 0.0 -2.06074635202e-16 0.0 -2.06074635202e-16 0.0 -2.06074635202e-16 0.0 -2.06074635202e-16
